0 0
0.000833333 0.000285493
0.00166667 0.000583953
0.0025 0.000895181
0.00333333 0.00121894
0.00416667 0.00155503
0.005 0.00190318
0.00583333 0.00226315
0.00666667 0.00263473
0.0075 0.00301772
0.00833333 0.00341183
0.00916667 0.00381685
0.01 0.00423251
0.0108333 0.00465864
0.0116667 0.00509495
0.0125 0.00554122
0.0133333 0.00599723
0.0141667 0.00646274
0.015 0.00693745
0.0158333 0.00742122
0.0166667 0.0079137
0.0175 0.00841479
0.0183333 0.00892414
0.0191667 0.00944155
0.02 0.00996682
0.0208333 0.0104996
0.0216667 0.0110398
0.0225 0.0115871
0.0233333 0.0121413
0.0241667 0.0127021
0.025 0.0132693
0.0258333 0.0138426
0.0266667 0.0144219
0.0275 0.0150069
0.0283333 0.0155973
0.0291667 0.0161929
0.03 0.0167935
0.0308333 0.0173989
0.0316667 0.0180088
0.0325 0.0186229
0.0333333 0.019241
0.0341667 0.019863
0.035 0.0204885
0.0358333 0.0211173
0.0366667 0.0217492
0.0375 0.022384
0.0383333 0.0230214
0.0391667 0.0236612
0.04 0.0243031
0.0408333 0.024947
0.0416667 0.0255926
0.0425 0.0262396
0.0433333 0.0268878
0.0441667 0.027537
0.045 0.028187
0.0458333 0.0288375
0.0466667 0.0294883
0.0475 0.0301391
0.0483333 0.0307899
0.0491667 0.0314402
0.05 0.0320899
0.0508333 0.0327388
0.0516667 0.0333866
0.0525 0.0340331
0.0533333 0.034678
0.0541667 0.0353212
0.055 0.0359625
0.0558333 0.0366016
0.0566667 0.0372382
0.0575 0.0378722
0.0583333 0.0385034
0.0591667 0.0391315
0.06 0.0397563
0.0608333 0.0403776
0.0616667 0.0409952
0.0625 0.0416089
0.0633333 0.0422184
0.0641667 0.0428236
0.065 0.0434242
0.0658333 0.0440201
0.0666667 0.0446111
0.0675 0.0451968
0.0683333 0.0457772
0.0691667 0.0463521
0.07 0.0469212
0.0708333 0.0474844
0.0716667 0.0480415
0.0725 0.0485924
0.0733333 0.0491375
0.0741667 0.0496769
0.075 0.0502109
0.0758333 0.0507398
0.0766667 0.0512638
0.0775 0.0517832
0.0783333 0.0522983
0.0791667 0.0528093
0.08 0.0533164
0.0808333 0.0538199
0.0816667 0.05432
0.0825 0.054817
0.0833333 0.0553111
0.0841667 0.0558026
0.085 0.0562917
0.0858333 0.0567786
0.0866667 0.0572635
0.0875 0.0577467
0.0883333 0.0582285
0.0891667 0.058709
0.09 0.0591884
0.0908333 0.059667
0.0916667 0.060145
0.0925 0.0606225
0.0933333 0.0610999
0.0941667 0.0615773
0.095 0.0620549
0.0958333 0.062533
0.0966667 0.0630116
0.0975 0.0634912
0.0983333 0.0639717
0.0991667 0.0644535
0.1 0.0649367
0.100833 0.0654216
0.101667 0.0659083
0.1025 0.066397
0.103333 0.0668879
0.104167 0.0673812
0.105 0.0678771
0.105833 0.0683759
0.106667 0.0688776
0.1075 0.0693825
0.108333 0.0698907
0.109167 0.0704026
0.11 0.0709181
0.110833 0.0714377
0.111667 0.0719614
0.1125 0.0724894
0.113333 0.073022
0.114167 0.0735594
0.115 0.0741016
0.115833 0.074649
0.116667 0.0752018
0.1175 0.0757601
0.118333 0.0763241
0.119167 0.0768941
0.12 0.0774702
0.120833 0.0780527
0.121667 0.0786418
0.1225 0.0792376
0.123333 0.0798405
0.124167 0.0804505
0.125 0.081068
0.125833 0.0816931
0.126667 0.0823261
0.1275 0.0829671
0.128333 0.0836164
0.129167 0.0842742
0.13 0.0849408
0.130833 0.0856163
0.131667 0.086301
0.1325 0.0869952
0.133333 0.0876989
0.134167 0.0884126
0.135 0.0891363
0.135833 0.0898704
0.136667 0.090615
0.1375 0.0913705
0.138333 0.0921369
0.139167 0.0929146
0.14 0.0937039
0.140833 0.0945049
0.141667 0.0953179
0.1425 0.0961431
0.143333 0.0969808
0.144167 0.0978312
0.145 0.0986941
0.145833 0.0995694
0.146667 0.100457
0.1475 0.101356
0.148333 0.102267
0.149167 0.103189
0.15 0.104122
0.150833 0.105067
0.151667 0.106022
0.1525 0.106987
0.153333 0.107963
0.154167 0.108949
0.155 0.109945
0.155833 0.11095
0.156667 0.111965
0.1575 0.112988
0.158333 0.114021
0.159167 0.115063
0.16 0.116112
0.160833 0.11717
0.161667 0.118237
0.1625 0.11931
0.163333 0.120392
0.164167 0.121481
0.165 0.122576
0.165833 0.123679
0.166667 0.124788
0.1675 0.125904
0.168333 0.127026
0.169167 0.128154
0.17 0.129288
0.170833 0.130427
0.171667 0.131571
0.1725 0.132721
0.173333 0.133875
0.174167 0.135034
0.175 0.136197
0.175833 0.137365
0.176667 0.138536
0.1775 0.139711
0.178333 0.14089
0.179167 0.142072
0.18 0.143257
0.180833 0.144444
0.181667 0.145635
0.1825 0.146827
0.183333 0.148022
0.184167 0.149218
0.185 0.150417
0.185833 0.151616
0.186667 0.152817
0.1875 0.154019
0.188333 0.155222
0.189167 0.156425
0.19 0.157628
0.190833 0.158832
0.191667 0.160035
0.1925 0.161238
0.193333 0.16244
0.194167 0.163642
0.195 0.164843
0.195833 0.166042
0.196667 0.16724
0.1975 0.168436
0.198333 0.16963
0.199167 0.170822
0.2 0.172011
0.200833 0.173198
0.201667 0.174382
0.2025 0.175563
0.203333 0.17674
0.204167 0.177915
0.205 0.179085
0.205833 0.180251
0.206667 0.181413
0.2075 0.182571
0.208333 0.183724
0.209167 0.184872
0.21 0.186016
0.210833 0.187153
0.211667 0.188286
0.2125 0.189412
0.213333 0.190532
0.214167 0.191647
0.215 0.192759
0.215833 0.193878
0.216667 0.195003
0.2175 0.196133
0.218333 0.197269
0.219167 0.198411
0.22 0.199558
0.220833 0.200709
0.221667 0.201866
0.2225 0.203026
0.223333 0.204192
0.224167 0.205361
0.225 0.206533
0.225833 0.20771
0.226667 0.20889
0.2275 0.210072
0.228333 0.211258
0.229167 0.212446
0.23 0.213637
0.230833 0.21483
0.231667 0.216025
0.2325 0.217222
0.233333 0.21842
0.234167 0.21962
0.235 0.22082
0.235833 0.222022
0.236667 0.223224
0.2375 0.224427
0.238333 0.225629
0.239167 0.226832
0.24 0.228034
0.240833 0.229236
0.241667 0.230437
0.2425 0.231637
0.243333 0.232836
0.244167 0.234034
0.245 0.23523
0.245833 0.236424
0.246667 0.237616
0.2475 0.238806
0.248333 0.239993
0.249167 0.241177
0.25 0.242359
0.250833 0.243537
0.251667 0.244712
0.2525 0.245884
0.253333 0.247051
0.254167 0.248215
0.255 0.249374
0.255833 0.250529
0.256667 0.251679
0.2575 0.252824
0.258333 0.253964
0.259167 0.255099
0.26 0.256228
0.260833 0.257352
0.261667 0.258469
0.2625 0.25958
0.263333 0.260685
0.264167 0.261783
0.265 0.262875
0.265833 0.263959
0.266667 0.265036
0.2675 0.266106
0.268333 0.267168
0.269167 0.268223
0.27 0.269269
0.270833 0.270307
0.271667 0.271337
0.2725 0.272358
0.273333 0.27337
0.274167 0.274373
0.275 0.275367
0.275833 0.276352
0.276667 0.277327
0.2775 0.278292
0.278333 0.279248
0.279167 0.280193
0.28 0.281128
0.280833 0.282053
0.281667 0.282967
0.2825 0.283871
0.283333 0.284763
0.284167 0.285645
0.285 0.286515
0.285833 0.287374
0.286667 0.288215
0.2875 0.289035
0.288333 0.289834
0.289167 0.290615
0.29 0.291377
0.290833 0.292122
0.291667 0.29285
0.2925 0.293563
0.293333 0.294262
0.294167 0.294947
0.295 0.29562
0.295833 0.296281
0.296667 0.296931
0.2975 0.297571
0.298333 0.298201
0.299167 0.298823
0.3 0.299438
0.300833 0.300045
0.301667 0.300645
0.3025 0.30124
0.303333 0.30183
0.304167 0.302414
0.305 0.302995
0.305833 0.303572
0.306667 0.304145
0.3075 0.304716
0.308333 0.305284
0.309167 0.305849
0.31 0.306413
0.310833 0.306975
0.311667 0.307536
0.3125 0.308096
0.313333 0.308654
0.314167 0.309212
0.315 0.30977
0.315833 0.310326
0.316667 0.310883
0.3175 0.311439
0.318333 0.311995
0.319167 0.312552
0.32 0.313109
0.320833 0.313666
0.321667 0.314224
0.3225 0.314783
0.323333 0.315342
0.324167 0.315903
0.325 0.316466
0.325833 0.31703
0.326667 0.317596
0.3275 0.318164
0.328333 0.318735
0.329167 0.319308
0.33 0.319885
0.330833 0.320466
0.331667 0.321052
0.3325 0.321642
0.333333 0.322237
0.334167 0.322838
0.335 0.323446
0.335833 0.324061
0.336667 0.324684
0.3375 0.325315
0.338333 0.325956
0.339167 0.326607
0.34 0.327269
0.340833 0.327943
0.341667 0.328629
0.3425 0.329329
0.343333 0.330044
0.344167 0.330774
0.345 0.33152
0.345833 0.332284
0.346667 0.333066
0.3475 0.333868
0.348333 0.334689
0.349167 0.335532
0.35 0.336397
0.350833 0.337286
0.351667 0.338198
0.3525 0.339136
0.353333 0.3401
0.354167 0.341091
0.355 0.34211
0.355833 0.343159
0.356667 0.344237
0.3575 0.345347
0.358333 0.3465
0.359167 0.347696
0.36 0.348934
0.360833 0.350213
0.361667 0.351533
0.3625 0.352892
0.363333 0.35429
0.364167 0.355725
0.365 0.357196
0.365833 0.358703
0.366667 0.360244
0.3675 0.361817
0.368333 0.363423
0.369167 0.36506
0.37 0.366726
0.370833 0.368422
0.371667 0.370144
0.3725 0.371893
0.373333 0.373668
0.374167 0.375467
0.375 0.377288
0.375833 0.379132
0.376667 0.380996
0.3775 0.38288
0.378333 0.384782
0.379167 0.386702
0.38 0.388638
0.380833 0.390588
0.381667 0.392553
0.3825 0.394531
0.383333 0.396519
0.384167 0.398519
0.385 0.400527
0.385833 0.402544
0.386667 0.404568
0.3875 0.406597
0.388333 0.408631
0.389167 0.410668
0.39 0.412708
0.390833 0.414748
0.391667 0.416789
0.3925 0.418828
0.393333 0.420865
0.394167 0.422899
0.395 0.424928
0.395833 0.42695
0.396667 0.428966
0.3975 0.430974
0.398333 0.432972
0.399167 0.434959
0.4 0.436935
0.400833 0.438898
0.401667 0.440847
0.4025 0.442781
0.403333 0.444698
0.404167 0.446598
0.405 0.448478
0.405833 0.450339
0.406667 0.452179
0.4075 0.453997
0.408333 0.455791
0.409167 0.457561
0.41 0.459304
0.410833 0.461021
0.411667 0.46271
0.4125 0.464369
0.413333 0.465998
0.414167 0.467596
0.415 0.46916
0.415833 0.470691
0.416667 0.472186
0.4175 0.473646
0.418333 0.475067
0.419167 0.47645
0.42 0.477794
0.420833 0.479096
0.421667 0.480356
0.4225 0.481573
0.423333 0.482745
0.424167 0.483872
0.425 0.484952
0.425833 0.485984
0.426667 0.486967
0.4275 0.487899
0.428333 0.48878
0.429167 0.489612
0.43 0.490405
0.430833 0.49116
0.431667 0.491878
0.4325 0.492559
0.433333 0.493203
0.434167 0.493813
0.435 0.494388
0.435833 0.494929
0.436667 0.495437
0.4375 0.495913
0.438333 0.496356
0.439167 0.496769
0.44 0.49715
0.440833 0.497503
0.441667 0.497826
0.4425 0.49812
0.443333 0.498387
0.444167 0.498627
0.445 0.49884
0.445833 0.499028
0.446667 0.499191
0.4475 0.499329
0.448333 0.499444
0.449167 0.499536
0.45 0.499606
0.450833 0.499654
0.451667 0.499681
0.452083 0.499687
0.4525 0.499688
0.452917 0.499692
0.453333 0.499701
0.454167 0.499732
0.455 0.499781
0.455833 0.499848
0.456667 0.499932
0.4575 0.500031
0.458333 0.500146
0.459167 0.500276
0.46 0.50042
0.460833 0.500577
0.461667 0.500747
0.4625 0.500928
0.463333 0.501121
0.464167 0.501325
0.465 0.501538
0.465833 0.501761
0.466667 0.501992
0.4675 0.502231
0.468333 0.502477
0.469167 0.50273
0.47 0.502988
0.470833 0.503252
0.471667 0.50352
0.4725 0.503791
0.473333 0.504066
0.474167 0.504343
0.475 0.504622
0.475833 0.504901
0.476667 0.505181
0.4775 0.505461
0.478333 0.505739
0.479167 0.506016
0.48 0.50629
0.480833 0.506561
0.481667 0.506829
0.4825 0.507092
0.483333 0.507349
0.484167 0.507601
0.485 0.507846
0.485833 0.508084
0.486667 0.508314
0.4875 0.508535
0.488333 0.508747
0.489167 0.508949
0.49 0.509141
0.490833 0.509321
0.491667 0.509489
0.4925 0.509644
0.493333 0.509786
0.494167 0.509913
0.495 0.510026
0.495833 0.510124
0.496667 0.510205
0.4975 0.510269
0.498333 0.510316
0.499167 0.510345
0.5 0.510354
0.5 0.510354
0.500833 0.511213
0.501667 0.512123
0.5025 0.513082
0.503333 0.514089
0.504167 0.515144
0.505 0.516245
0.505833 0.517392
0.506667 0.518582
0.5075 0.519815
0.508333 0.521089
0.509167 0.522404
0.51 0.523759
0.510833 0.525151
0.511667 0.526581
0.5125 0.528047
0.513333 0.529547
0.514167 0.531082
0.515 0.532649
0.515833 0.534247
0.516667 0.535875
0.5175 0.537533
0.518333 0.539219
0.519167 0.540932
0.52 0.54267
0.520833 0.544433
0.521667 0.54622
0.5225 0.548029
0.523333 0.549859
0.524167 0.551709
0.525 0.553578
0.525833 0.555466
0.526667 0.557369
0.5275 0.559289
0.528333 0.561222
0.529167 0.563169
0.53 0.565128
0.530833 0.567098
0.531667 0.569078
0.5325 0.571067
0.533333 0.573063
0.534167 0.575066
0.535 0.577074
0.535833 0.579086
0.536667 0.581102
0.5375 0.583119
0.538333 0.585137
0.539167 0.587155
0.54 0.589171
0.540833 0.591185
0.541667 0.593194
0.5425 0.595199
0.543333 0.597198
0.544167 0.59919
0.545 0.601174
0.545833 0.603148
0.546667 0.605112
0.5475 0.607063
0.548333 0.609002
0.549167 0.610928
0.55 0.612837
0.550833 0.614731
0.551667 0.616608
0.5525 0.618466
0.553333 0.620304
0.554167 0.622121
0.555 0.623917
0.555833 0.62569
0.556667 0.627438
0.5575 0.629161
0.558333 0.630858
0.559167 0.632527
0.56 0.634167
0.560833 0.635778
0.561667 0.637357
0.5625 0.638905
0.563333 0.640419
0.564167 0.641899
0.565 0.643343
0.565833 0.644751
0.566667 0.646121
0.5675 0.647452
0.568333 0.648744
0.569167 0.649994
0.57 0.651201
0.570833 0.652366
0.571667 0.653486
0.5725 0.654571
0.573333 0.655624
0.574167 0.656647
0.575 0.657639
0.575833 0.658602
0.576667 0.659537
0.5775 0.660443
0.578333 0.661322
0.579167 0.662174
0.58 0.663
0.580833 0.663801
0.581667 0.664577
0.5825 0.665329
0.583333 0.666058
0.584167 0.666765
0.585 0.667449
0.585833 0.668113
0.586667 0.668756
0.5875 0.669379
0.588333 0.669983
0.589167 0.670568
0.59 0.671136
0.590833 0.671687
0.591667 0.672221
0.5925 0.67274
0.593333 0.673244
0.594167 0.673733
0.595 0.674209
0.595833 0.674672
0.596667 0.675123
0.5975 0.675562
0.598333 0.675991
0.599167 0.676409
0.6 0.676818
0.600833 0.677217
0.601667 0.677609
0.6025 0.677993
0.603333 0.678371
0.604167 0.678743
0.605 0.679109
0.605833 0.67947
0.606667 0.679827
0.6075 0.680181
0.608333 0.680532
0.609167 0.680881
0.61 0.681228
0.610833 0.681575
0.611667 0.681921
0.6125 0.682269
0.613333 0.682617
0.614167 0.682967
0.615 0.68332
0.615833 0.683676
0.616667 0.684035
0.6175 0.6844
0.618333 0.684769
0.619167 0.685144
0.62 0.685526
0.620833 0.685915
0.621667 0.686311
0.6225 0.686716
0.623333 0.68713
0.624167 0.687554
0.625 0.687989
0.625833 0.688434
0.626667 0.688892
0.6275 0.689362
0.628333 0.689845
0.629167 0.690342
0.63 0.690853
0.630833 0.69138
0.631667 0.691922
0.6325 0.692481
0.633333 0.693058
0.634167 0.693652
0.635 0.694265
0.635833 0.694897
0.636667 0.695549
0.6375 0.696222
0.638333 0.696916
0.639167 0.697632
0.64 0.698371
0.640833 0.699134
0.641667 0.69992
0.6425 0.700732
0.643333 0.701567
0.644167 0.702422
0.645 0.703297
0.645833 0.704189
0.646667 0.705099
0.6475 0.706026
0.648333 0.706971
0.649167 0.707932
0.65 0.708908
0.650833 0.709901
0.651667 0.710908
0.6525 0.71193
0.653333 0.712966
0.654167 0.714016
0.655 0.715079
0.655833 0.716155
0.656667 0.717244
0.6575 0.718344
0.658333 0.719456
0.659167 0.720578
0.66 0.721712
0.660833 0.722855
0.661667 0.724008
0.6625 0.72517
0.663333 0.726341
0.664167 0.727521
0.665 0.728708
0.665833 0.729902
0.666667 0.731103
0.6675 0.732311
0.668333 0.733525
0.669167 0.734745
0.67 0.735969
0.670833 0.737198
0.671667 0.738432
0.6725 0.739669
0.673333 0.740909
0.674167 0.742153
0.675 0.743398
0.675833 0.744646
0.676667 0.745895
0.6775 0.747145
0.678333 0.748396
0.679167 0.749647
0.68 0.750898
0.680833 0.752147
0.681667 0.753396
0.6825 0.754643
0.683333 0.755887
0.684167 0.757129
0.685 0.758368
0.685833 0.759604
0.686667 0.760836
0.6875 0.762063
0.688333 0.763285
0.689167 0.764502
0.69 0.765713
0.690833 0.766918
0.691667 0.768117
0.6925 0.769308
0.693333 0.770492
0.694167 0.771667
0.695 0.772834
0.695833 0.773993
0.696667 0.775141
0.6975 0.77628
0.698333 0.777409
0.699167 0.778527
0.7 0.779634
0.700833 0.780729
0.701667 0.781812
0.7025 0.782882
0.703333 0.783939
0.704167 0.784983
0.705 0.786013
0.705833 0.787028
0.706667 0.788029
0.7075 0.789015
0.708333 0.789984
0.709167 0.790938
0.71 0.791875
0.710833 0.792794
0.711667 0.793697
0.7125 0.794581
0.713333 0.795446
0.714167 0.796293
0.715 0.797122
0.715833 0.797936
0.716667 0.798735
0.7175 0.799519
0.718333 0.800288
0.719167 0.801044
0.72 0.801786
0.720833 0.802515
0.721667 0.80323
0.7225 0.803933
0.723333 0.804624
0.724167 0.805302
0.725 0.805968
0.725833 0.806624
0.726667 0.807268
0.7275 0.807901
0.728333 0.808523
0.729167 0.809136
0.73 0.809738
0.730833 0.810331
0.731667 0.810915
0.7325 0.81149
0.733333 0.812056
0.734167 0.812614
0.735 0.813164
0.735833 0.813706
0.736667 0.814241
0.7375 0.814769
0.738333 0.81529
0.739167 0.815805
0.74 0.816314
0.740833 0.816817
0.741667 0.817314
0.7425 0.817807
0.743333 0.818294
0.744167 0.818778
0.745 0.819257
0.745833 0.819732
0.746667 0.820203
0.7475 0.820672
0.748333 0.821137
0.749167 0.8216
0.75 0.822061
0.750833 0.82252
0.751667 0.822977
0.7525 0.823433
0.753333 0.823888
0.754167 0.824342
0.755 0.824796
0.755833 0.825249
0.756667 0.825704
0.7575 0.826158
0.758333 0.826614
0.759167 0.827071
0.76 0.827529
0.760833 0.827989
0.761667 0.828452
0.7625 0.828917
0.763333 0.829384
0.764167 0.829855
0.765 0.830329
0.765833 0.830808
0.766667 0.83129
0.7675 0.831776
0.768333 0.832268
0.769167 0.832764
0.77 0.833266
0.770833 0.833773
0.771667 0.834287
0.7725 0.834806
0.773333 0.835332
0.774167 0.835866
0.775 0.836406
0.775833 0.836954
0.776667 0.83751
0.7775 0.838075
0.778333 0.838647
0.779167 0.839229
0.78 0.83982
0.780833 0.84042
0.781667 0.84103
0.7825 0.84165
0.783333 0.842281
0.784167 0.842922
0.785 0.843574
0.785833 0.844238
0.786667 0.844909
0.7875 0.845583
0.788333 0.846262
0.789167 0.846945
0.79 0.847631
0.790833 0.848321
0.791667 0.849015
0.7925 0.849713
0.793333 0.850415
0.794167 0.85112
0.795 0.851829
0.795833 0.852541
0.796667 0.853257
0.7975 0.853977
0.798333 0.854699
0.799167 0.855425
0.8 0.856155
0.800833 0.856887
0.801667 0.857623
0.8025 0.858362
0.803333 0.859104
0.804167 0.859849
0.805 0.860596
0.805833 0.861347
0.806667 0.862101
0.8075 0.862857
0.808333 0.863616
0.809167 0.864378
0.81 0.865142
0.810833 0.865909
0.811667 0.866679
0.8125 0.867451
0.813333 0.868225
0.814167 0.869002
0.815 0.869781
0.815833 0.870562
0.816667 0.871345
0.8175 0.87213
0.818333 0.872918
0.819167 0.873707
0.82 0.874498
0.820833 0.875292
0.821667 0.876087
0.8225 0.876884
0.823333 0.877682
0.824167 0.878483
0.825 0.879285
0.825833 0.880088
0.826667 0.880893
0.8275 0.8817
0.828333 0.882508
0.829167 0.883317
0.83 0.884127
0.830833 0.884939
0.831667 0.885753
0.8325 0.886567
0.833333 0.887383
0.834167 0.888199
0.835 0.889017
0.835833 0.889836
0.836667 0.890656
0.8375 0.891476
0.838333 0.892298
0.839167 0.89312
0.84 0.893944
0.840833 0.894768
0.841667 0.895592
0.8425 0.896418
0.843333 0.897244
0.844167 0.898071
0.845 0.898899
0.845833 0.899727
0.846667 0.900556
0.8475 0.901385
0.848333 0.902215
0.849167 0.903045
0.85 0.903876
0.850833 0.904707
0.851667 0.905539
0.8525 0.906371
0.853333 0.907204
0.854167 0.908037
0.855 0.90887
0.855833 0.909703
0.856667 0.910538
0.8575 0.911373
0.858333 0.91222
0.859167 0.91308
0.86 0.913952
0.860833 0.914836
0.861667 0.915732
0.8625 0.916639
0.863333 0.917557
0.864167 0.918485
0.865 0.919424
0.865833 0.920373
0.866667 0.92133
0.8675 0.922297
0.868333 0.923272
0.869167 0.924256
0.87 0.925247
0.870833 0.926245
0.871667 0.92725
0.8725 0.928262
0.873333 0.929279
0.874167 0.930303
0.875 0.931331
0.875833 0.932364
0.876667 0.933402
0.8775 0.934443
0.878333 0.935488
0.879167 0.936536
0.88 0.937587
0.880833 0.93864
0.881667 0.939695
0.8825 0.940751
0.883333 0.941808
0.884167 0.942865
0.885 0.943923
0.885833 0.944981
0.886667 0.946037
0.8875 0.947093
0.888333 0.948147
0.889167 0.949198
0.89 0.950248
0.890833 0.951294
0.891667 0.952338
0.8925 0.953377
0.893333 0.954412
0.894167 0.955443
0.895 0.956468
0.895833 0.957488
0.896667 0.958503
0.8975 0.959511
0.898333 0.960512
0.899167 0.961506
0.9 0.962492
0.900833 0.96347
0.901667 0.96444
0.9025 0.965401
0.903333 0.966352
0.904167 0.967294
0.905 0.968225
0.905833 0.969146
0.906667 0.970055
0.9075 0.970954
0.908333 0.97184
0.909167 0.972714
0.91 0.973574
0.910833 0.974422
0.911667 0.975256
0.9125 0.976076
0.913333 0.976881
0.914167 0.977672
0.915 0.978447
0.915833 0.979206
0.916667 0.979949
0.9175 0.980675
0.918333 0.981384
0.919167 0.982075
0.92 0.982748
0.920833 0.983403
0.921667 0.984039
0.9225 0.984656
0.923333 0.985253
0.924167 0.98583
0.925 0.986386
0.925833 0.986921
0.926667 0.987435
0.9275 0.987927
0.928333 0.988396
0.929167 0.988844
0.93 0.98927
0.930833 0.989676
0.931667 0.990062
0.9325 0.990428
0.933333 0.990775
0.934167 0.991103
0.935 0.991412
0.935833 0.991703
0.936667 0.991977
0.9375 0.992232
0.938333 0.992471
0.939167 0.992693
0.94 0.992898
0.940833 0.993088
0.941667 0.993261
0.9425 0.99342
0.943333 0.993563
0.944167 0.993692
0.945 0.993807
0.945833 0.993908
0.946667 0.993996
0.9475 0.99407
0.948333 0.994132
0.949167 0.994181
0.95 0.994219
0.950833 0.994245
0.951667 0.994259
0.952083 0.994263
0.9525 0.994263
0.952917 0.994265
0.953333 0.99427
0.954167 0.994287
0.955 0.994313
0.955833 0.994349
0.956667 0.994394
0.9575 0.994448
0.958333 0.99451
0.959167 0.994579
0.96 0.994657
0.960833 0.994741
0.961667 0.994832
0.9625 0.99493
0.963333 0.995034
0.964167 0.995143
0.965 0.995258
0.965833 0.995378
0.966667 0.995502
0.9675 0.995631
0.968333 0.995763
0.969167 0.995899
0.97 0.996038
0.970833 0.99618
0.971667 0.996324
0.9725 0.99647
0.973333 0.996618
0.974167 0.996767
0.975 0.996917
0.975833 0.997067
0.976667 0.997218
0.9775 0.997368
0.978333 0.997518
0.979167 0.997667
0.98 0.997814
0.980833 0.99796
0.981667 0.998104
0.9825 0.998245
0.983333 0.998384
0.984167 0.998519
0.985 0.998651
0.985833 0.998779
0.986667 0.998903
0.9875 0.999022
0.988333 0.999136
0.989167 0.999244
0.99 0.999347
0.990833 0.999444
0.991667 0.999534
0.9925 0.999618
0.993333 0.999694
0.994167 0.999763
0.995 0.999824
0.995833 0.999876
0.996667 0.99992
0.9975 0.999954
0.998333 0.999979
0.999167 0.999995
1 1
