0 0 0
1 0.002 0.0361673
2 0.004 0.074293
3 0.006 0.114336
4 0.008 0.156256
5 0.01 0.200009
6 0.012 0.245554
7 0.014 0.29285
8 0.016 0.341852
9 0.018 0.392519
10 0.02 0.444808
11 0.022 0.498676
12 0.024 0.554079
13 0.026 0.610976
14 0.028 0.669323
15 0.03 0.729077
16 0.032 0.790195
17 0.034 0.852633
18 0.036 0.916349
19 0.038 0.981299
20 0.04 1.04744
21 0.042 1.11473
22 0.044 1.18312
23 0.046 1.25258
24 0.048 1.32306
25 0.05 1.39451
26 0.052 1.46689
27 0.054 1.54016
28 0.056 1.61428
29 0.058 1.6892
30 0.06 1.76488
31 0.062 1.84128
32 0.064 1.91835
33 0.066 1.99606
34 0.068 2.07435
35 0.07 2.15319
36 0.072 2.23254
37 0.074 2.31234
38 0.076 2.39256
39 0.078 2.47316
40 0.08 2.55409
41 0.082 2.63531
42 0.084 2.71678
43 0.086 2.79845
44 0.088 2.88029
45 0.09 2.96225
46 0.092 3.04429
47 0.094 3.12637
48 0.096 3.20845
49 0.098 3.29048
50 0.1 3.37242
51 0.102 3.45424
52 0.104 3.53588
53 0.106 3.61732
54 0.108 3.69851
55 0.11 3.7794
56 0.112 3.85997
57 0.114 3.94016
58 0.116 4.01994
59 0.118 4.09927
60 0.12 4.1781
61 0.122 4.25641
62 0.124 4.33415
63 0.126 4.41129
64 0.128 4.48777
65 0.13 4.56358
66 0.132 4.63866
67 0.134 4.71299
68 0.136 4.78653
69 0.138 4.85924
70 0.14 4.93108
71 0.142 5.00203
72 0.144 5.07221
73 0.146 5.14234
74 0.148 5.21251
75 0.15 5.28273
76 0.152 5.353
77 0.154 5.42332
78 0.156 5.49371
79 0.158 5.56416
80 0.16 5.63467
81 0.162 5.70525
82 0.164 5.77591
83 0.166 5.84663
84 0.168 5.91742
85 0.17 5.98829
86 0.172 6.05923
87 0.174 6.13025
88 0.176 6.20134
89 0.178 6.2725
90 0.18 6.34374
91 0.182 6.41504
92 0.184 6.48642
93 0.186 6.55787
94 0.188 6.62938
95 0.19 6.70095
96 0.192 6.7726
97 0.194 6.8443
98 0.196 6.91605
99 0.198 6.98787
100 0.2 7.05973
101 0.202 7.13165
102 0.204 7.20361
103 0.206 7.27561
104 0.208 7.34766
105 0.21 7.41973
106 0.212 7.49184
107 0.214 7.56398
108 0.216 7.63615
109 0.218 7.70833
110 0.22 7.78053
111 0.222 7.85274
112 0.224 7.92496
113 0.226 7.99718
114 0.228 8.06941
115 0.23 8.14163
116 0.232 8.21384
117 0.234 8.28605
118 0.236 8.35823
119 0.238 8.4304
120 0.24 8.50254
121 0.242 8.57466
122 0.244 8.64674
123 0.246 8.71879
124 0.248 8.7908
125 0.25 8.86277
126 0.252 8.9347
127 0.254 9.00657
128 0.256 9.0784
129 0.258 9.15016
130 0.26 9.22188
131 0.262 9.29353
132 0.264 9.36512
133 0.266 9.43664
134 0.268 9.5081
135 0.27 9.57949
136 0.272 9.65081
137 0.274 9.72206
138 0.276 9.79324
139 0.278 9.86434
140 0.28 9.93537
141 0.282 10.0063
142 0.284 10.0772
143 0.286 10.148
144 0.288 10.2188
145 0.29 10.2896
146 0.292 10.3604
147 0.294 10.4311
148 0.296 10.5019
149 0.298 10.5727
150 0.3 10.6435
151 0.302 10.7142
152 0.304 10.785
153 0.306 10.8557
154 0.308 10.9265
155 0.31 10.9972
156 0.312 11.068
157 0.314 11.1387
158 0.316 11.2094
159 0.318 11.2801
160 0.32 11.3508
161 0.322 11.4215
162 0.324 11.4922
163 0.326 11.5629
164 0.328 11.6335
165 0.33 11.7042
166 0.332 11.7748
167 0.334 11.8454
168 0.336 11.916
169 0.338 11.9866
170 0.34 12.0572
171 0.342 12.1278
172 0.344 12.1983
173 0.346 12.2689
174 0.348 12.3394
175 0.35 12.4099
176 0.352 12.4804
177 0.354 12.5509
178 0.356 12.6213
179 0.358 12.6918
180 0.36 12.7622
181 0.362 12.8326
182 0.364 12.903
183 0.366 12.9734
184 0.368 13.0437
185 0.37 13.1141
186 0.372 13.1844
187 0.374 13.2547
188 0.376 13.325
189 0.378 13.3953
190 0.38 13.4655
191 0.382 13.5358
192 0.384 13.606
193 0.386 13.6762
194 0.388 13.7464
195 0.39 13.8166
196 0.392 13.8868
197 0.394 13.9569
198 0.396 14.027
199 0.398 14.0972
200 0.4 14.1673
201 0.402 14.2374
202 0.404 14.3074
203 0.406 14.3775
204 0.408 14.4476
205 0.41 14.5176
206 0.412 14.5877
207 0.414 14.6577
208 0.416 14.7277
209 0.418 14.7978
210 0.42 14.8678
211 0.422 14.9378
212 0.424 15.0078
213 0.426 15.0778
214 0.428 15.1478
215 0.43 15.2178
216 0.432 15.2878
217 0.434 15.3578
218 0.436 15.4278
219 0.438 15.4978
220 0.44 15.5678
221 0.442 15.6378
222 0.444 15.7078
223 0.446 15.7778
224 0.448 15.8478
225 0.45 15.9178
226 0.452 15.9878
227 0.454 16.0578
228 0.456 16.1278
229 0.458 16.1978
230 0.46 16.2678
231 0.462 16.3378
232 0.464 16.4078
233 0.466 16.4778
234 0.468 16.5478
235 0.47 16.6178
236 0.472 16.6878
237 0.474 16.7578
238 0.476 16.8278
239 0.478 16.8978
240 0.48 16.9678
241 0.482 17.0379
242 0.484 17.1079
243 0.486 17.1779
244 0.488 17.248
245 0.49 17.318
246 0.492 17.3881
247 0.494 17.4581
248 0.496 17.5282
249 0.498 17.5983
250 0.5 17.6685
251 0.502 17.7386
252 0.504 17.8088
253 0.506 17.879
254 0.508 17.9492
255 0.51 18.0195
256 0.512 18.0898
257 0.514 18.1601
258 0.516 18.2305
259 0.518 18.3009
260 0.52 18.3714
261 0.522 18.4419
262 0.524 18.5125
263 0.526 18.5832
264 0.528 18.6539
265 0.53 18.7247
266 0.532 18.7956
267 0.534 18.8666
268 0.536 18.9376
269 0.538 19.0088
270 0.54 19.0801
271 0.542 19.1515
272 0.544 19.223
273 0.546 19.2946
274 0.548 19.3664
275 0.55 19.4383
276 0.552 19.5104
277 0.554 19.5826
278 0.556 19.655
279 0.558 19.7276
280 0.56 19.8003
281 0.562 19.8733
282 0.564 19.9465
283 0.566 20.0198
284 0.568 20.0935
285 0.57 20.1673
286 0.572 20.2413
287 0.574 20.3131
288 0.576 20.3823
289 0.578 20.449
290 0.58 20.5135
291 0.582 20.5762
292 0.584 20.6372
293 0.586 20.6968
294 0.588 20.7552
295 0.59 20.8127
296 0.592 20.8694
297 0.594 20.9256
298 0.596 20.9815
299 0.598 21.0371
300 0.6 21.0926
301 0.602 21.1482
302 0.604 21.2038
303 0.606 21.2597
304 0.608 21.3159
305 0.61 21.3723
306 0.612 21.4292
307 0.614 21.4864
308 0.616 21.544
309 0.618 21.6021
310 0.62 21.6606
311 0.622 21.7196
312 0.624 21.779
313 0.626 21.8389
314 0.628 21.8993
315 0.63 21.9601
316 0.632 22.0215
317 0.634 22.0835
318 0.636 22.146
319 0.638 22.2092
320 0.64 22.273
321 0.642 22.3375
322 0.644 22.4029
323 0.646 22.4691
324 0.648 22.5364
325 0.65 22.6047
326 0.652 22.6743
327 0.654 22.7453
328 0.656 22.8177
329 0.658 22.8918
330 0.66 22.9678
331 0.662 23.0458
332 0.664 23.126
333 0.666 23.2087
334 0.668 23.2939
335 0.67 23.3819
336 0.672 23.473
337 0.674 23.5674
338 0.676 23.6652
339 0.678 23.7668
340 0.68 23.8722
341 0.682 23.9818
342 0.684 24.0957
343 0.686 24.2143
344 0.688 24.3376
345 0.69 24.466
346 0.692 24.5996
347 0.694 24.7387
348 0.696 24.8834
349 0.698 25.0341
350 0.7 25.1908
351 0.702 25.3538
352 0.704 25.5234
353 0.706 25.6996
354 0.708 25.8829
355 0.71 26.0732
356 0.712 26.2708
357 0.714 26.476
358 0.716 26.6907
359 0.718 26.9176
360 0.72 27.1566
361 0.722 27.4073
362 0.724 27.6693
363 0.726 27.9422
364 0.728 28.2258
365 0.73 28.5196
366 0.732 28.8233
367 0.734 29.1366
368 0.736 29.4589
369 0.738 29.7901
370 0.74 30.1297
371 0.742 30.4773
372 0.744 30.8327
373 0.746 31.1953
374 0.748 31.5649
375 0.75 31.941
376 0.752 32.3234
377 0.754 32.7116
378 0.756 33.1052
379 0.758 33.504
380 0.76 33.9074
381 0.762 34.3152
382 0.764 34.7269
383 0.766 35.1423
384 0.768 35.5608
385 0.77 35.9822
386 0.772 36.4061
387 0.774 36.8321
388 0.776 37.2599
389 0.778 37.6889
390 0.78 38.119
391 0.782 38.5497
392 0.784 38.9806
393 0.786 39.4113
394 0.788 39.8416
395 0.79 40.2709
396 0.792 40.699
397 0.794 41.1255
398 0.796 41.5499
399 0.798 41.972
400 0.8 42.3913
401 0.802 42.8075
402 0.804 43.2202
403 0.806 43.6289
404 0.808 44.0335
405 0.81 44.4334
406 0.812 44.8283
407 0.814 45.2178
408 0.816 45.6016
409 0.818 45.9792
410 0.82 46.3503
411 0.822 46.7146
412 0.824 47.0716
413 0.826 47.421
414 0.828 47.7624
415 0.83 48.0954
416 0.832 48.4197
417 0.834 48.7349
418 0.836 49.0405
419 0.838 49.3363
420 0.84 49.6218
421 0.842 49.8968
422 0.844 50.1607
423 0.846 50.4133
424 0.848 50.6541
425 0.85 50.8828
426 0.852 51.099
427 0.854 51.3024
428 0.856 51.4925
429 0.858 51.6694
430 0.86 51.836
431 0.862 51.993
432 0.864 52.1406
433 0.866 52.2792
434 0.868 52.4088
435 0.87 52.5297
436 0.872 52.6421
437 0.874 52.7462
438 0.876 52.8422
439 0.878 52.9304
440 0.88 53.0108
441 0.882 53.0838
442 0.884 53.1495
443 0.886 53.2082
444 0.888 53.26
445 0.89 53.3051
446 0.892 53.3439
447 0.894 53.3764
448 0.896 53.4028
449 0.898 53.4234
450 0.9 53.4385
451 0.902 53.4481
452 0.904 53.4525
453 0.906 53.4531
454 0.908 53.4585
455 0.91 53.4684
456 0.912 53.4827
457 0.914 53.5012
458 0.916 53.5236
459 0.918 53.5499
460 0.92 53.5796
461 0.922 53.6127
462 0.924 53.6489
463 0.926 53.6881
464 0.928 53.73
465 0.93 53.7744
466 0.932 53.8211
467 0.934 53.8699
468 0.936 53.9206
469 0.938 53.973
470 0.94 54.0269
471 0.942 54.0821
472 0.944 54.1383
473 0.946 54.1954
474 0.948 54.2532
475 0.95 54.3114
476 0.952 54.3699
477 0.954 54.4284
478 0.956 54.4867
479 0.958 54.5447
480 0.96 54.6021
481 0.962 54.6587
482 0.964 54.7143
483 0.966 54.7687
484 0.968 54.8217
485 0.97 54.873
486 0.972 54.9226
487 0.974 54.9701
488 0.976 55.0155
489 0.978 55.0583
490 0.98 55.0986
491 0.982 55.1359
492 0.984 55.1702
493 0.986 55.2013
494 0.988 55.2289
495 0.99 55.2528
496 0.992 55.2728
497 0.994 55.2887
498 0.996 55.3004
499 0.998 55.3075
499 0.998 55.3075
500 1 55.3508
501 1.002 55.3965
502 1.004 55.4444
503 1.006 55.4946
504 1.008 55.5469
505 1.01 55.6014
506 1.012 55.6579
507 1.014 55.7165
508 1.016 55.777
509 1.018 55.8395
510 1.02 55.9038
511 1.022 55.97
512 1.024 56.038
513 1.026 56.1076
514 1.028 56.179
515 1.03 56.2519
516 1.032 56.3265
517 1.034 56.4026
518 1.036 56.4801
519 1.038 56.5591
520 1.04 56.6394
521 1.042 56.7211
522 1.044 56.804
523 1.046 56.8881
524 1.048 56.9734
525 1.05 57.0599
526 1.052 57.1474
527 1.054 57.2359
528 1.056 57.3254
529 1.058 57.4158
530 1.06 57.5071
531 1.062 57.5992
532 1.064 57.6921
533 1.066 57.7856
534 1.068 57.8799
535 1.07 57.9747
536 1.072 58.0702
537 1.074 58.1661
538 1.076 58.2625
539 1.078 58.3593
540 1.08 58.4565
541 1.082 58.554
542 1.084 58.6518
543 1.086 58.7498
544 1.088 58.8479
545 1.09 58.9462
546 1.092 59.0445
547 1.094 59.1428
548 1.096 59.2411
549 1.098 59.3394
550 1.1 59.4375
551 1.102 59.5354
552 1.104 59.633
553 1.106 59.7304
554 1.108 59.8274
555 1.11 59.9241
556 1.112 60.0203
557 1.114 60.1161
558 1.116 60.2113
559 1.118 60.306
560 1.12 60.4
561 1.122 60.4933
562 1.124 60.5859
563 1.126 60.6778
564 1.128 60.7688
565 1.13 60.8589
566 1.132 60.9481
567 1.134 61.0364
568 1.136 61.1236
569 1.138 61.2098
570 1.14 61.2949
571 1.142 61.3789
572 1.144 61.4625
573 1.146 61.5457
574 1.148 61.6286
575 1.15 61.7112
576 1.152 61.7934
577 1.154 61.8754
578 1.156 61.9571
579 1.158 62.0385
580 1.16 62.1197
581 1.162 62.2006
582 1.164 62.2814
583 1.166 62.3619
584 1.168 62.4423
585 1.17 62.5226
586 1.172 62.6027
587 1.174 62.6827
588 1.176 62.7625
589 1.178 62.8423
590 1.18 62.9221
591 1.182 63.0017
592 1.184 63.0814
593 1.186 63.161
594 1.188 63.2406
595 1.19 63.3202
596 1.192 63.3999
597 1.194 63.4796
598 1.196 63.5593
599 1.198 63.6392
600 1.2 63.7191
601 1.202 63.7992
602 1.204 63.8793
603 1.206 63.9596
604 1.208 64.0401
605 1.21 64.1208
606 1.212 64.2016
607 1.214 64.2826
608 1.216 64.3639
609 1.218 64.4453
610 1.22 64.5271
611 1.222 64.6091
612 1.224 64.6914
613 1.226 64.7739
614 1.228 64.8568
615 1.23 64.9401
616 1.232 65.0236
617 1.234 65.1076
618 1.236 65.1919
619 1.238 65.2766
620 1.24 65.3617
621 1.242 65.4472
622 1.244 65.5332
623 1.246 65.6196
624 1.248 65.7065
625 1.25 65.7938
626 1.252 65.8817
627 1.254 65.9701
628 1.256 66.059
629 1.258 66.1485
630 1.26 66.2385
631 1.262 66.3291
632 1.264 66.4203
633 1.266 66.5121
634 1.268 66.6046
635 1.27 66.6976
636 1.272 66.7914
637 1.274 66.8858
638 1.276 66.9809
639 1.278 67.0767
640 1.28 67.1732
641 1.282 67.2705
642 1.284 67.3685
643 1.286 67.4665
644 1.288 67.5639
645 1.29 67.6608
646 1.292 67.7573
647 1.294 67.8533
648 1.296 67.949
649 1.298 68.0443
650 1.3 68.1394
651 1.302 68.2342
652 1.304 68.3288
653 1.306 68.4233
654 1.308 68.5176
655 1.31 68.6119
656 1.312 68.7061
657 1.314 68.8003
658 1.316 68.8945
659 1.318 68.9888
660 1.32 69.0832
661 1.322 69.1778
662 1.324 69.2726
663 1.326 69.3677
664 1.328 69.463
665 1.33 69.5587
666 1.332 69.6547
667 1.334 69.7511
668 1.336 69.8479
669 1.338 69.9453
670 1.34 70.0432
671 1.342 70.1416
672 1.344 70.2407
673 1.346 70.3404
674 1.348 70.4408
675 1.35 70.5419
676 1.352 70.6438
677 1.354 70.7466
678 1.356 70.8501
679 1.358 70.9546
680 1.36 71.06
681 1.362 71.1664
682 1.364 71.2738
683 1.366 71.3823
684 1.368 71.4918
685 1.37 71.6025
686 1.372 71.7144
687 1.374 71.8275
688 1.376 71.9419
689 1.378 72.0575
690 1.38 72.1746
691 1.382 72.293
692 1.384 72.4128
693 1.386 72.5341
694 1.388 72.6569
695 1.39 72.7813
696 1.392 72.9072
697 1.394 73.0348
698 1.396 73.1641
699 1.398 73.2951
700 1.4 73.4278
701 1.402 73.5623
702 1.404 73.6987
703 1.406 73.837
704 1.408 73.9772
705 1.41 74.1193
706 1.412 74.2634
707 1.414 74.4096
708 1.416 74.5579
709 1.418 74.7083
710 1.42 74.8609
711 1.422 75.0157
712 1.424 75.1727
713 1.426 75.332
714 1.428 75.494
715 1.43 75.6596
716 1.432 75.8288
717 1.434 76.0014
718 1.436 76.1773
719 1.438 76.3566
720 1.44 76.5389
721 1.442 76.7244
722 1.444 76.9128
723 1.446 77.1041
724 1.448 77.2981
725 1.45 77.4948
726 1.452 77.6941
727 1.454 77.8958
728 1.456 78.0999
729 1.458 78.3063
730 1.46 78.5148
731 1.462 78.7254
732 1.464 78.938
733 1.466 79.1525
734 1.468 79.3687
735 1.47 79.5866
736 1.472 79.8061
737 1.474 80.027
738 1.476 80.2494
739 1.478 80.473
740 1.48 80.6978
741 1.482 80.9237
742 1.484 81.1506
743 1.486 81.3783
744 1.488 81.6069
745 1.49 81.8361
746 1.492 82.0659
747 1.494 82.2962
748 1.496 82.5269
749 1.498 82.7579
750 1.5 82.9891
751 1.502 83.2204
752 1.504 83.4516
753 1.506 83.6828
754 1.508 83.9138
755 1.51 84.1444
756 1.512 84.3747
757 1.514 84.6044
758 1.516 84.8336
759 1.518 85.0621
760 1.52 85.2897
761 1.522 85.5165
762 1.524 85.7423
763 1.526 85.967
764 1.528 86.1905
765 1.53 86.4127
766 1.532 86.6335
767 1.534 86.8529
768 1.536 87.0706
769 1.538 87.2867
770 1.54 87.501
771 1.542 87.7134
772 1.544 87.9238
773 1.546 88.1321
774 1.548 88.3383
775 1.55 88.5422
776 1.552 88.7437
777 1.554 88.9427
778 1.556 89.1392
779 1.558 89.333
780 1.56 89.524
781 1.562 89.7122
782 1.564 89.8974
783 1.566 90.0795
784 1.568 90.2585
785 1.57 90.4343
786 1.572 90.6078
787 1.574 90.7793
788 1.576 90.949
789 1.578 91.1169
790 1.58 91.2831
791 1.582 91.4474
792 1.584 91.6102
793 1.586 91.7712
794 1.588 91.9306
795 1.59 92.0885
796 1.592 92.2449
797 1.594 92.3998
798 1.596 92.5532
799 1.598 92.7053
800 1.6 92.8559
801 1.602 93.0053
802 1.604 93.1534
803 1.606 93.3003
804 1.608 93.446
805 1.61 93.5905
806 1.612 93.7339
807 1.614 93.8763
808 1.616 94.0176
809 1.618 94.1579
810 1.62 94.2973
811 1.622 94.4358
812 1.624 94.5734
813 1.626 94.7102
814 1.628 94.8462
815 1.63 94.9815
816 1.632 95.116
817 1.634 95.2499
818 1.636 95.3832
819 1.638 95.5158
820 1.64 95.648
821 1.642 95.7796
822 1.644 95.9107
823 1.646 96.0415
824 1.648 96.1718
825 1.65 96.3018
826 1.652 96.4315
827 1.654 96.5609
828 1.656 96.6901
829 1.658 96.8191
830 1.66 96.948
831 1.662 97.0767
832 1.664 97.2054
833 1.666 97.3341
834 1.668 97.4627
835 1.67 97.5914
836 1.672 97.7203
837 1.674 97.8492
838 1.676 97.9783
839 1.678 98.1077
840 1.68 98.2373
841 1.682 98.3672
842 1.684 98.4974
843 1.686 98.628
844 1.688 98.7591
845 1.69 98.8906
846 1.692 99.0226
847 1.694 99.1551
848 1.696 99.2883
849 1.698 99.422
850 1.7 99.5565
851 1.702 99.6916
852 1.704 99.8275
853 1.706 99.9643
854 1.708 100.102
855 1.71 100.24
856 1.712 100.38
857 1.714 100.52
858 1.716 100.663
859 1.718 100.807
860 1.72 100.953
861 1.722 101.101
862 1.724 101.251
863 1.726 101.401
864 1.728 101.554
865 1.73 101.707
866 1.732 101.862
867 1.734 102.018
868 1.736 102.175
869 1.738 102.333
870 1.74 102.492
871 1.742 102.652
872 1.744 102.812
873 1.746 102.973
874 1.748 103.135
875 1.75 103.297
876 1.752 103.46
877 1.754 103.623
878 1.756 103.786
879 1.758 103.95
880 1.76 104.113
881 1.762 104.277
882 1.764 104.44
883 1.766 104.603
884 1.768 104.766
885 1.77 104.929
886 1.772 105.092
887 1.774 105.253
888 1.776 105.415
889 1.778 105.575
890 1.78 105.735
891 1.782 105.894
892 1.784 106.052
893 1.786 106.209
894 1.788 106.365
895 1.79 106.52
896 1.792 106.674
897 1.794 106.826
898 1.796 106.977
899 1.798 107.127
900 1.8 107.275
901 1.802 107.421
902 1.804 107.566
903 1.806 107.708
904 1.808 107.849
905 1.81 107.988
906 1.812 108.125
907 1.814 108.259
908 1.816 108.392
909 1.818 108.522
910 1.82 108.65
911 1.822 108.775
912 1.824 108.897
913 1.826 109.017
914 1.828 109.135
915 1.83 109.249
916 1.832 109.361
917 1.834 109.469
918 1.836 109.575
919 1.838 109.677
920 1.84 109.776
921 1.842 109.872
922 1.844 109.965
923 1.846 110.054
924 1.848 110.139
925 1.85 110.221
926 1.852 110.299
927 1.854 110.373
928 1.856 110.443
929 1.858 110.51
930 1.86 110.573
931 1.862 110.632
932 1.864 110.687
933 1.866 110.739
934 1.868 110.787
935 1.87 110.832
936 1.872 110.873
937 1.874 110.912
938 1.876 110.947
939 1.878 110.979
940 1.88 111.008
941 1.882 111.034
942 1.884 111.058
943 1.886 111.078
944 1.888 111.096
945 1.89 111.112
946 1.892 111.125
947 1.894 111.135
948 1.896 111.144
949 1.898 111.15
950 1.9 111.154
951 1.902 111.155
952 1.904 111.156
953 1.906 111.158
954 1.908 111.162
955 1.91 111.167
956 1.912 111.175
957 1.914 111.184
958 1.916 111.194
959 1.918 111.206
960 1.92 111.219
961 1.922 111.234
962 1.924 111.249
963 1.926 111.266
964 1.928 111.284
965 1.93 111.302
966 1.932 111.322
967 1.934 111.342
968 1.936 111.363
969 1.938 111.385
970 1.94 111.407
971 1.942 111.429
972 1.944 111.452
973 1.946 111.475
974 1.948 111.498
975 1.95 111.522
976 1.952 111.545
977 1.954 111.568
978 1.956 111.591
979 1.958 111.614
980 1.96 111.637
981 1.962 111.659
982 1.964 111.681
983 1.966 111.702
984 1.968 111.722
985 1.97 111.742
986 1.972 111.761
987 1.974 111.779
988 1.976 111.796
989 1.978 111.812
990 1.98 111.827
991 1.982 111.841
992 1.984 111.853
993 1.986 111.864
994 1.988 111.874
995 1.99 111.882
996 1.992 111.888
997 1.994 111.893
998 1.996 111.896
